version https://git-lfs.github.com/spec/v1
oid sha256:a124f4219853e894b09bb2e0b940e70f4d2878c13a8b981dcdfb13f31e53085c
size 40348
